
#sector[48]## SECTOR 48 WAREHOUSE##########################################################
10
70
10
0
-1
96
14
0
-1
4
8
48
0

#sidedef#PORTAL TO SECTOR 47 ##
47
1952
1255
2816
1255
0
73
73
73
353

#sidedef
-1
1952
1255
1952
1191
0
73
73
73
354

#sidedef
-1
1952
1191
2816
1191
0
73
73
73
355

#sidedef
-1
2816
1191
2816
1255
0
73
73
73
356

#OBJECTS IN SECTOR 48
#object0 in sector 48 TOILET PAPER 1 #27
88
2150
2011
13
16
1
4
27
2145
2006
2155
2006
27
2155
2006
2155
2016
27
2155
2016
2145
2016
27
2145
2016
2145
2006

#object1 in sector 48 TOILET PAPER 1 #52
89
2250
1223
13
16
1
4
27
2245
1218
2255
1218
27
2255
1218
2255
1228
27
2255
1228
2245
1228
27
2245
1228
2245
1218

#object2 in sector 48 TOILET PAPER 1 #52
90
2450
1223
13
16
1
4
27
2445
1218
2455
1218
27
2455
1218
2455
1228
27
2455
1228
2445
1228
27
2445
1228
2445
1218

#object3 in sector 48 virus #18
91
2050
1231
4
24
0
4
18
2045
1226
2055
1226
18
2055
1226
2055
1236
18
2055
1236
2045
1236
18
2045
1236
2045
1226

#object4 in sector 48 virus #18
92
2100
1223
4
24
0
4
18
2095
1218
2105
1218
18
2105
1218
2105
1228
18
2105
1228
2095
1228
18
2095
1228
2095
1218

#object5 in sector 48 virus #18
93
2200
1231
4
24
0
4
18
2195
1226
2205
1226
18
2205
1226
2205
1236
18
2205
1236
2195
1236
18
2195
1236
2195
1226

#object6 in sector 48 virus #18
94
2400
1231
4
24
0
4
18
2395
1226
2405
1226
18
2405
1226
2405
1236
18
2405
1236
2395
1236
18
2395
1236
2395
1226

#object7 in sector 48 virus #18
95
2500
1231
4
24
0
4
18
2495
1226
2505
1226
18
2505
1226
2505
1236
18
2505
1236
2495
1236
18
2495
1236
2495
1226

#sector[49]## SECTOR 49 WAREHOUSE##########################################################
10
70
10
0
-1
96
14
0
-1
4
0
49
0

#sidedef##PORTAL TO SECTOR 49###
47
2816
1547
1952
1547
0
73
73
73
357

#sidedef
-1
2816
1547
2816
1638
0
73
73
73
358

#sidedef
-1
2816
1638
1952
1638
0
73
73
73
359

#sidedef
-1
1952
1638
1952
1547
0
73
73
73
360
























#sector[47]## SECTOR 47 WAREHOUSE##########################################################
2
0
17
0
-1
70
14
0
-1
9
14
47
0

#sidedef##PORTAL TO SECTOR  46##
46
1952
1446
1952
1382
0
73
73
73
347

#sidedef
-1
1952
1382
1952
1255
0
73
73
73
348

#sidedef#PORTAL TO SECTOR 48 ##
48
1952
1255
2816
1255
0
73
73
73
349

#sidedef
-1
2816
1255
2816
1547
0
73
73
73
350

#sidedef##PORTAL TO SECTOR 49###
49
2816
1547
1952
1547
0
73
73
73
351

#sidedef
-1
1952
1547
1952
1446
0
73
73
73
352

##LIGHT SWITCH##
#poster
-1
2816
1393
2816
1409
4
85
85
85
370

##SANITIZER##
#poster
-1
2816
1410
2816
1426
4
87
87
87
375

##LIGHT SWITCH##
#poster
-1
1952
1382
1952
1366
4
85
85
85
376

#OBJECT IN SECTOR 47
#object0 in sector 47 scissor lift
74
2780
1300
7
64
1
4
7
2765
1285
2795
1285
8
2795
1285
2795
1315
7
2795
1315
2765
1315
8
2765
1315
2765
1285

#object1 in sector 47 virus
75
2000
1510
4
16
0
4
#line
18
1995
1505
2005
1505
#line
18
2005
1505
2005
1515
#line
18
2005
1515
1995
1515
#line
18
1995
1515
1995
1505

#object2 in sector 47 virus
76
2750
1510
4
16
0
4
#line
18
2745
1505
2755
1505
#line
18
2755
1505
2755
1515
#line
18
2755
1515
2745
1515
#line
18
2745
1515
2745
1505


#object3 in sector 47 virus #18
77
2100
1425
4
24
0
4
18
2095
1420
2105
1420
18
2105
1420
2105
1430
18
2105
1430
2095
1430
18
2095
1430
2095
1420

#object4 in sector 47 virus #18
78
2200
1450
4
16
0
4
18
2195
1445
2205
1445
18
2205
1445
2205
1455
18
2205
1455
2195
1455
18
2195
1455
2195
1445

#object5 in sector 47 virus #18
79
2000
1475
4
24
0
4
18
1995
1470
2005
1470
18
2005
1470
2005
1480
18
2005
1480
1995
1480
18
1995
1480
1995
1470

#object6 in sector 47 virus #18
80
2600
1510
4
16
0
4
18
2595
1505
2605
1505
18
2605
1505
2605
1515
18
2605
1515
2595
1515
18
2595
1515
2595
1505

#object7 in sector 47 virus #18
81
2575
1510
4
24
0
4
18
2570
1505
2580
1505
18
2580
1505
2580
1515
18
2580
1515
2570
1515
18
2570
1515
2570
1505

#object8 in sector 47 box #20
82
2230
1400
10
16
0
4
20
2225
1395
2235
1395
20
2235
1395
2235
1405
20
2235
1405
2225
1405
20
2225
1405
2225
1395

#object9 in sector 47 box #20
83
2300
1355
10
16
0
4
20
2225
1345
2235
1345
20
2235
1345
2235
1360
20
2235
1360
2225
1360
20
2225
1360
2225
1345

#object10 in sector 47 box #20
84
2400
1475
10
16
0
4
20
2395
1470
2405
1470
20
2405
1470
2405
1480
20
2405
1480
2395
1480
20
2395
1480
2395
1470

#object11 in sector 47 box #20
85
2550
1350
10
16
0
4
20
2545
1345
2555
1345
20
2555
1345
2555
1355
20
2555
1355
2545
1355
20
2545
1355
2545
1345

#object12 in sector 47 box #20
86
2500
1450
10
16
0
4
20
2495
1445
2505
1445
20
2505
1445
2505
1455
20
2505
1455
2495
1455
20
2495
1455
2495
1445

#object13 in sector 47 box #20
87
2550
1400
10
24
0
4
20
2545
1395
2555
1395
20
2555
1395
2555
1405
20
2555
1405
2545
1405
20
2545
1405
2545
1395

#sector[48]## SECTOR 48 WAREHOUSE##########################################################
10
70
10
0
-1
96
14
0
-1
4
8
48
0

#sidedef#PORTAL TO SECTOR 47 ##
47
1952
1255
2816
1255
0
73
73
73
353

#sidedef
-1
1952
1255
1952
1191
0
73
73
73
354

#sidedef
-1
1952
1191
2816
1191
0
73
73
73
355

#sidedef
-1
2816
1191
2816
1255
0
73
73
73
356

#OBJECTS IN SECTOR 48
#object0 in sector 48 TOILET PAPER 1 #27
88
2150
2011
13
16
1
4
27
2145
2006
2155
2006
27
2155
2006
2155
2016
27
2155
2016
2145
2016
27
2145
2016
2145
2006

#object1 in sector 48 TOILET PAPER 1 #52
89
2250
1223
13
16
1
4
27
2245
1218
2255
1218
27
2255
1218
2255
1228
27
2255
1228
2245
1228
27
2245
1228
2245
1218

#object2 in sector 48 TOILET PAPER 1 #52
90
2450
1223
13
16
1
4
27
2445
1218
2455
1218
27
2455
1218
2455
1228
27
2455
1228
2445
1228
27
2445
1228
2445
1218

#object3 in sector 48 virus #18
91
2050
1231
4
24
0
4
18
2045
1226
2055
1226
18
2055
1226
2055
1236
18
2055
1236
2045
1236
18
2045
1236
2045
1226

#object4 in sector 48 virus #18
92
2100
1223
4
24
0
4
18
2095
1218
2105
1218
18
2105
1218
2105
1228
18
2105
1228
2095
1228
18
2095
1228
2095
1218

#object5 in sector 48 virus #18
93
2200
1231
4
24
0
4
18
2195
1226
2205
1226
18
2205
1226
2205
1236
18
2205
1236
2195
1236
18
2195
1236
2195
1226

#object6 in sector 48 virus #18
94
2400
1231
4
24
0
4
18
2395
1226
2405
1226
18
2405
1226
2405
1236
18
2405
1236
2395
1236
18
2395
1236
2395
1226

#object7 in sector 48 virus #18
95
2500
1231
4
24
0
4
18
2495
1226
2505
1226
18
2505
1226
2505
1236
18
2505
1236
2495
1236
18
2495
1236
2495
1226

#sector[49]## SECTOR 49 WAREHOUSE##########################################################
10
70
10
0
-1
96
14
0
-1
4
0
49
0

#sidedef##PORTAL TO SECTOR 49###
47
2816
1547
1952
1547
0
73
73
73
357

#sidedef
-1
2816
1547
2816
1638
0
73
73
73
358

#sidedef
-1
2816
1638
1952
1638
0
73
73
73
359

#sidedef
-1
1952
1638
1952
1547
0
73
73
73
360

#moving objects
0
